0.026316 0.026316 0.100000 0.100000
0.026316 0.026316 0.141421 0.282843
0.026316 0.026316 0.282843 0.141421
0.026316 0.078947 0.100000 0.100000
0.026316 0.078947 0.141421 0.282843
0.026316 0.078947 0.282843 0.141421
0.026316 0.131579 0.100000 0.100000
0.026316 0.131579 0.141421 0.282843
0.026316 0.131579 0.282843 0.141421
0.026316 0.184211 0.100000 0.100000
0.026316 0.184211 0.141421 0.282843
0.026316 0.184211 0.282843 0.141421
0.026316 0.236842 0.100000 0.100000
0.026316 0.236842 0.141421 0.282843
0.026316 0.236842 0.282843 0.141421
0.026316 0.289474 0.100000 0.100000
0.026316 0.289474 0.141421 0.282843
0.026316 0.289474 0.282843 0.141421
0.026316 0.342105 0.100000 0.100000
0.026316 0.342105 0.141421 0.282843
0.026316 0.342105 0.282843 0.141421
0.026316 0.394737 0.100000 0.100000
0.026316 0.394737 0.141421 0.282843
0.026316 0.394737 0.282843 0.141421
0.026316 0.447368 0.100000 0.100000
0.026316 0.447368 0.141421 0.282843
0.026316 0.447368 0.282843 0.141421
0.026316 0.500000 0.100000 0.100000
0.026316 0.500000 0.141421 0.282843
0.026316 0.500000 0.282843 0.141421
0.026316 0.552632 0.100000 0.100000
0.026316 0.552632 0.141421 0.282843
0.026316 0.552632 0.282843 0.141421
0.026316 0.605263 0.100000 0.100000
0.026316 0.605263 0.141421 0.282843
0.026316 0.605263 0.282843 0.141421
0.026316 0.657895 0.100000 0.100000
0.026316 0.657895 0.141421 0.282843
0.026316 0.657895 0.282843 0.141421
0.026316 0.710526 0.100000 0.100000
0.026316 0.710526 0.141421 0.282843
0.026316 0.710526 0.282843 0.141421
0.026316 0.763158 0.100000 0.100000
0.026316 0.763158 0.141421 0.282843
0.026316 0.763158 0.282843 0.141421
0.026316 0.815790 0.100000 0.100000
0.026316 0.815790 0.141421 0.282843
0.026316 0.815790 0.282843 0.141421
0.026316 0.868421 0.100000 0.100000
0.026316 0.868421 0.141421 0.282843
0.026316 0.868421 0.282843 0.141421
0.026316 0.921053 0.100000 0.100000
0.026316 0.921053 0.141421 0.282843
0.026316 0.921053 0.282843 0.141421
0.026316 0.973684 0.100000 0.100000
0.026316 0.973684 0.141421 0.282843
0.026316 0.973684 0.282843 0.141421
0.078947 0.026316 0.100000 0.100000
0.078947 0.026316 0.141421 0.282843
0.078947 0.026316 0.282843 0.141421
0.078947 0.078947 0.100000 0.100000
0.078947 0.078947 0.141421 0.282843
0.078947 0.078947 0.282843 0.141421
0.078947 0.131579 0.100000 0.100000
0.078947 0.131579 0.141421 0.282843
0.078947 0.131579 0.282843 0.141421
0.078947 0.184211 0.100000 0.100000
0.078947 0.184211 0.141421 0.282843
0.078947 0.184211 0.282843 0.141421
0.078947 0.236842 0.100000 0.100000
0.078947 0.236842 0.141421 0.282843
0.078947 0.236842 0.282843 0.141421
0.078947 0.289474 0.100000 0.100000
0.078947 0.289474 0.141421 0.282843
0.078947 0.289474 0.282843 0.141421
0.078947 0.342105 0.100000 0.100000
0.078947 0.342105 0.141421 0.282843
0.078947 0.342105 0.282843 0.141421
0.078947 0.394737 0.100000 0.100000
0.078947 0.394737 0.141421 0.282843
0.078947 0.394737 0.282843 0.141421
0.078947 0.447368 0.100000 0.100000
0.078947 0.447368 0.141421 0.282843
0.078947 0.447368 0.282843 0.141421
0.078947 0.500000 0.100000 0.100000
0.078947 0.500000 0.141421 0.282843
0.078947 0.500000 0.282843 0.141421
0.078947 0.552632 0.100000 0.100000
0.078947 0.552632 0.141421 0.282843
0.078947 0.552632 0.282843 0.141421
0.078947 0.605263 0.100000 0.100000
0.078947 0.605263 0.141421 0.282843
0.078947 0.605263 0.282843 0.141421
0.078947 0.657895 0.100000 0.100000
0.078947 0.657895 0.141421 0.282843
0.078947 0.657895 0.282843 0.141421
0.078947 0.710526 0.100000 0.100000
0.078947 0.710526 0.141421 0.282843
0.078947 0.710526 0.282843 0.141421
0.078947 0.763158 0.100000 0.100000
0.078947 0.763158 0.141421 0.282843
0.078947 0.763158 0.282843 0.141421
0.078947 0.815790 0.100000 0.100000
0.078947 0.815790 0.141421 0.282843
0.078947 0.815790 0.282843 0.141421
0.078947 0.868421 0.100000 0.100000
0.078947 0.868421 0.141421 0.282843
0.078947 0.868421 0.282843 0.141421
0.078947 0.921053 0.100000 0.100000
0.078947 0.921053 0.141421 0.282843
0.078947 0.921053 0.282843 0.141421
0.078947 0.973684 0.100000 0.100000
0.078947 0.973684 0.141421 0.282843
0.078947 0.973684 0.282843 0.141421
0.131579 0.026316 0.100000 0.100000
0.131579 0.026316 0.141421 0.282843
0.131579 0.026316 0.282843 0.141421
0.131579 0.078947 0.100000 0.100000
0.131579 0.078947 0.141421 0.282843
0.131579 0.078947 0.282843 0.141421
0.131579 0.131579 0.100000 0.100000
0.131579 0.131579 0.141421 0.282843
0.131579 0.131579 0.282843 0.141421
0.131579 0.184211 0.100000 0.100000
0.131579 0.184211 0.141421 0.282843
0.131579 0.184211 0.282843 0.141421
0.131579 0.236842 0.100000 0.100000
0.131579 0.236842 0.141421 0.282843
0.131579 0.236842 0.282843 0.141421
0.131579 0.289474 0.100000 0.100000
0.131579 0.289474 0.141421 0.282843
0.131579 0.289474 0.282843 0.141421
0.131579 0.342105 0.100000 0.100000
0.131579 0.342105 0.141421 0.282843
0.131579 0.342105 0.282843 0.141421
0.131579 0.394737 0.100000 0.100000
0.131579 0.394737 0.141421 0.282843
0.131579 0.394737 0.282843 0.141421
0.131579 0.447368 0.100000 0.100000
0.131579 0.447368 0.141421 0.282843
0.131579 0.447368 0.282843 0.141421
0.131579 0.500000 0.100000 0.100000
0.131579 0.500000 0.141421 0.282843
0.131579 0.500000 0.282843 0.141421
0.131579 0.552632 0.100000 0.100000
0.131579 0.552632 0.141421 0.282843
0.131579 0.552632 0.282843 0.141421
0.131579 0.605263 0.100000 0.100000
0.131579 0.605263 0.141421 0.282843
0.131579 0.605263 0.282843 0.141421
0.131579 0.657895 0.100000 0.100000
0.131579 0.657895 0.141421 0.282843
0.131579 0.657895 0.282843 0.141421
0.131579 0.710526 0.100000 0.100000
0.131579 0.710526 0.141421 0.282843
0.131579 0.710526 0.282843 0.141421
0.131579 0.763158 0.100000 0.100000
0.131579 0.763158 0.141421 0.282843
0.131579 0.763158 0.282843 0.141421
0.131579 0.815790 0.100000 0.100000
0.131579 0.815790 0.141421 0.282843
0.131579 0.815790 0.282843 0.141421
0.131579 0.868421 0.100000 0.100000
0.131579 0.868421 0.141421 0.282843
0.131579 0.868421 0.282843 0.141421
0.131579 0.921053 0.100000 0.100000
0.131579 0.921053 0.141421 0.282843
0.131579 0.921053 0.282843 0.141421
0.131579 0.973684 0.100000 0.100000
0.131579 0.973684 0.141421 0.282843
0.131579 0.973684 0.282843 0.141421
0.184211 0.026316 0.100000 0.100000
0.184211 0.026316 0.141421 0.282843
0.184211 0.026316 0.282843 0.141421
0.184211 0.078947 0.100000 0.100000
0.184211 0.078947 0.141421 0.282843
0.184211 0.078947 0.282843 0.141421
0.184211 0.131579 0.100000 0.100000
0.184211 0.131579 0.141421 0.282843
0.184211 0.131579 0.282843 0.141421
0.184211 0.184211 0.100000 0.100000
0.184211 0.184211 0.141421 0.282843
0.184211 0.184211 0.282843 0.141421
0.184211 0.236842 0.100000 0.100000
0.184211 0.236842 0.141421 0.282843
0.184211 0.236842 0.282843 0.141421
0.184211 0.289474 0.100000 0.100000
0.184211 0.289474 0.141421 0.282843
0.184211 0.289474 0.282843 0.141421
0.184211 0.342105 0.100000 0.100000
0.184211 0.342105 0.141421 0.282843
0.184211 0.342105 0.282843 0.141421
0.184211 0.394737 0.100000 0.100000
0.184211 0.394737 0.141421 0.282843
0.184211 0.394737 0.282843 0.141421
0.184211 0.447368 0.100000 0.100000
0.184211 0.447368 0.141421 0.282843
0.184211 0.447368 0.282843 0.141421
0.184211 0.500000 0.100000 0.100000
0.184211 0.500000 0.141421 0.282843
0.184211 0.500000 0.282843 0.141421
0.184211 0.552632 0.100000 0.100000
0.184211 0.552632 0.141421 0.282843
0.184211 0.552632 0.282843 0.141421
0.184211 0.605263 0.100000 0.100000
0.184211 0.605263 0.141421 0.282843
0.184211 0.605263 0.282843 0.141421
0.184211 0.657895 0.100000 0.100000
0.184211 0.657895 0.141421 0.282843
0.184211 0.657895 0.282843 0.141421
0.184211 0.710526 0.100000 0.100000
0.184211 0.710526 0.141421 0.282843
0.184211 0.710526 0.282843 0.141421
0.184211 0.763158 0.100000 0.100000
0.184211 0.763158 0.141421 0.282843
0.184211 0.763158 0.282843 0.141421
0.184211 0.815790 0.100000 0.100000
0.184211 0.815790 0.141421 0.282843
0.184211 0.815790 0.282843 0.141421
0.184211 0.868421 0.100000 0.100000
0.184211 0.868421 0.141421 0.282843
0.184211 0.868421 0.282843 0.141421
0.184211 0.921053 0.100000 0.100000
0.184211 0.921053 0.141421 0.282843
0.184211 0.921053 0.282843 0.141421
0.184211 0.973684 0.100000 0.100000
0.184211 0.973684 0.141421 0.282843
0.184211 0.973684 0.282843 0.141421
0.236842 0.026316 0.100000 0.100000
0.236842 0.026316 0.141421 0.282843
0.236842 0.026316 0.282843 0.141421
0.236842 0.078947 0.100000 0.100000
0.236842 0.078947 0.141421 0.282843
0.236842 0.078947 0.282843 0.141421
0.236842 0.131579 0.100000 0.100000
0.236842 0.131579 0.141421 0.282843
0.236842 0.131579 0.282843 0.141421
0.236842 0.184211 0.100000 0.100000
0.236842 0.184211 0.141421 0.282843
0.236842 0.184211 0.282843 0.141421
0.236842 0.236842 0.100000 0.100000
0.236842 0.236842 0.141421 0.282843
0.236842 0.236842 0.282843 0.141421
0.236842 0.289474 0.100000 0.100000
0.236842 0.289474 0.141421 0.282843
0.236842 0.289474 0.282843 0.141421
0.236842 0.342105 0.100000 0.100000
0.236842 0.342105 0.141421 0.282843
0.236842 0.342105 0.282843 0.141421
0.236842 0.394737 0.100000 0.100000
0.236842 0.394737 0.141421 0.282843
0.236842 0.394737 0.282843 0.141421
0.236842 0.447368 0.100000 0.100000
0.236842 0.447368 0.141421 0.282843
0.236842 0.447368 0.282843 0.141421
0.236842 0.500000 0.100000 0.100000
0.236842 0.500000 0.141421 0.282843
0.236842 0.500000 0.282843 0.141421
0.236842 0.552632 0.100000 0.100000
0.236842 0.552632 0.141421 0.282843
0.236842 0.552632 0.282843 0.141421
0.236842 0.605263 0.100000 0.100000
0.236842 0.605263 0.141421 0.282843
0.236842 0.605263 0.282843 0.141421
0.236842 0.657895 0.100000 0.100000
0.236842 0.657895 0.141421 0.282843
0.236842 0.657895 0.282843 0.141421
0.236842 0.710526 0.100000 0.100000
0.236842 0.710526 0.141421 0.282843
0.236842 0.710526 0.282843 0.141421
0.236842 0.763158 0.100000 0.100000
0.236842 0.763158 0.141421 0.282843
0.236842 0.763158 0.282843 0.141421
0.236842 0.815790 0.100000 0.100000
0.236842 0.815790 0.141421 0.282843
0.236842 0.815790 0.282843 0.141421
0.236842 0.868421 0.100000 0.100000
0.236842 0.868421 0.141421 0.282843
0.236842 0.868421 0.282843 0.141421
0.236842 0.921053 0.100000 0.100000
0.236842 0.921053 0.141421 0.282843
0.236842 0.921053 0.282843 0.141421
0.236842 0.973684 0.100000 0.100000
0.236842 0.973684 0.141421 0.282843
0.236842 0.973684 0.282843 0.141421
0.289474 0.026316 0.100000 0.100000
0.289474 0.026316 0.141421 0.282843
0.289474 0.026316 0.282843 0.141421
0.289474 0.078947 0.100000 0.100000
0.289474 0.078947 0.141421 0.282843
0.289474 0.078947 0.282843 0.141421
0.289474 0.131579 0.100000 0.100000
0.289474 0.131579 0.141421 0.282843
0.289474 0.131579 0.282843 0.141421
0.289474 0.184211 0.100000 0.100000
0.289474 0.184211 0.141421 0.282843
0.289474 0.184211 0.282843 0.141421
0.289474 0.236842 0.100000 0.100000
0.289474 0.236842 0.141421 0.282843
0.289474 0.236842 0.282843 0.141421
0.289474 0.289474 0.100000 0.100000
0.289474 0.289474 0.141421 0.282843
0.289474 0.289474 0.282843 0.141421
0.289474 0.342105 0.100000 0.100000
0.289474 0.342105 0.141421 0.282843
0.289474 0.342105 0.282843 0.141421
0.289474 0.394737 0.100000 0.100000
0.289474 0.394737 0.141421 0.282843
0.289474 0.394737 0.282843 0.141421
0.289474 0.447368 0.100000 0.100000
0.289474 0.447368 0.141421 0.282843
0.289474 0.447368 0.282843 0.141421
0.289474 0.500000 0.100000 0.100000
0.289474 0.500000 0.141421 0.282843
0.289474 0.500000 0.282843 0.141421
0.289474 0.552632 0.100000 0.100000
0.289474 0.552632 0.141421 0.282843
0.289474 0.552632 0.282843 0.141421
0.289474 0.605263 0.100000 0.100000
0.289474 0.605263 0.141421 0.282843
0.289474 0.605263 0.282843 0.141421
0.289474 0.657895 0.100000 0.100000
0.289474 0.657895 0.141421 0.282843
0.289474 0.657895 0.282843 0.141421
0.289474 0.710526 0.100000 0.100000
0.289474 0.710526 0.141421 0.282843
0.289474 0.710526 0.282843 0.141421
0.289474 0.763158 0.100000 0.100000
0.289474 0.763158 0.141421 0.282843
0.289474 0.763158 0.282843 0.141421
0.289474 0.815790 0.100000 0.100000
0.289474 0.815790 0.141421 0.282843
0.289474 0.815790 0.282843 0.141421
0.289474 0.868421 0.100000 0.100000
0.289474 0.868421 0.141421 0.282843
0.289474 0.868421 0.282843 0.141421
0.289474 0.921053 0.100000 0.100000
0.289474 0.921053 0.141421 0.282843
0.289474 0.921053 0.282843 0.141421
0.289474 0.973684 0.100000 0.100000
0.289474 0.973684 0.141421 0.282843
0.289474 0.973684 0.282843 0.141421
0.342105 0.026316 0.100000 0.100000
0.342105 0.026316 0.141421 0.282843
0.342105 0.026316 0.282843 0.141421
0.342105 0.078947 0.100000 0.100000
0.342105 0.078947 0.141421 0.282843
0.342105 0.078947 0.282843 0.141421
0.342105 0.131579 0.100000 0.100000
0.342105 0.131579 0.141421 0.282843
0.342105 0.131579 0.282843 0.141421
0.342105 0.184211 0.100000 0.100000
0.342105 0.184211 0.141421 0.282843
0.342105 0.184211 0.282843 0.141421
0.342105 0.236842 0.100000 0.100000
0.342105 0.236842 0.141421 0.282843
0.342105 0.236842 0.282843 0.141421
0.342105 0.289474 0.100000 0.100000
0.342105 0.289474 0.141421 0.282843
0.342105 0.289474 0.282843 0.141421
0.342105 0.342105 0.100000 0.100000
0.342105 0.342105 0.141421 0.282843
0.342105 0.342105 0.282843 0.141421
0.342105 0.394737 0.100000 0.100000
0.342105 0.394737 0.141421 0.282843
0.342105 0.394737 0.282843 0.141421
0.342105 0.447368 0.100000 0.100000
0.342105 0.447368 0.141421 0.282843
0.342105 0.447368 0.282843 0.141421
0.342105 0.500000 0.100000 0.100000
0.342105 0.500000 0.141421 0.282843
0.342105 0.500000 0.282843 0.141421
0.342105 0.552632 0.100000 0.100000
0.342105 0.552632 0.141421 0.282843
0.342105 0.552632 0.282843 0.141421
0.342105 0.605263 0.100000 0.100000
0.342105 0.605263 0.141421 0.282843
0.342105 0.605263 0.282843 0.141421
0.342105 0.657895 0.100000 0.100000
0.342105 0.657895 0.141421 0.282843
0.342105 0.657895 0.282843 0.141421
0.342105 0.710526 0.100000 0.100000
0.342105 0.710526 0.141421 0.282843
0.342105 0.710526 0.282843 0.141421
0.342105 0.763158 0.100000 0.100000
0.342105 0.763158 0.141421 0.282843
0.342105 0.763158 0.282843 0.141421
0.342105 0.815790 0.100000 0.100000
0.342105 0.815790 0.141421 0.282843
0.342105 0.815790 0.282843 0.141421
0.342105 0.868421 0.100000 0.100000
0.342105 0.868421 0.141421 0.282843
0.342105 0.868421 0.282843 0.141421
0.342105 0.921053 0.100000 0.100000
0.342105 0.921053 0.141421 0.282843
0.342105 0.921053 0.282843 0.141421
0.342105 0.973684 0.100000 0.100000
0.342105 0.973684 0.141421 0.282843
0.342105 0.973684 0.282843 0.141421
0.394737 0.026316 0.100000 0.100000
0.394737 0.026316 0.141421 0.282843
0.394737 0.026316 0.282843 0.141421
0.394737 0.078947 0.100000 0.100000
0.394737 0.078947 0.141421 0.282843
0.394737 0.078947 0.282843 0.141421
0.394737 0.131579 0.100000 0.100000
0.394737 0.131579 0.141421 0.282843
0.394737 0.131579 0.282843 0.141421
0.394737 0.184211 0.100000 0.100000
0.394737 0.184211 0.141421 0.282843
0.394737 0.184211 0.282843 0.141421
0.394737 0.236842 0.100000 0.100000
0.394737 0.236842 0.141421 0.282843
0.394737 0.236842 0.282843 0.141421
0.394737 0.289474 0.100000 0.100000
0.394737 0.289474 0.141421 0.282843
0.394737 0.289474 0.282843 0.141421
0.394737 0.342105 0.100000 0.100000
0.394737 0.342105 0.141421 0.282843
0.394737 0.342105 0.282843 0.141421
0.394737 0.394737 0.100000 0.100000
0.394737 0.394737 0.141421 0.282843
0.394737 0.394737 0.282843 0.141421
0.394737 0.447368 0.100000 0.100000
0.394737 0.447368 0.141421 0.282843
0.394737 0.447368 0.282843 0.141421
0.394737 0.500000 0.100000 0.100000
0.394737 0.500000 0.141421 0.282843
0.394737 0.500000 0.282843 0.141421
0.394737 0.552632 0.100000 0.100000
0.394737 0.552632 0.141421 0.282843
0.394737 0.552632 0.282843 0.141421
0.394737 0.605263 0.100000 0.100000
0.394737 0.605263 0.141421 0.282843
0.394737 0.605263 0.282843 0.141421
0.394737 0.657895 0.100000 0.100000
0.394737 0.657895 0.141421 0.282843
0.394737 0.657895 0.282843 0.141421
0.394737 0.710526 0.100000 0.100000
0.394737 0.710526 0.141421 0.282843
0.394737 0.710526 0.282843 0.141421
0.394737 0.763158 0.100000 0.100000
0.394737 0.763158 0.141421 0.282843
0.394737 0.763158 0.282843 0.141421
0.394737 0.815790 0.100000 0.100000
0.394737 0.815790 0.141421 0.282843
0.394737 0.815790 0.282843 0.141421
0.394737 0.868421 0.100000 0.100000
0.394737 0.868421 0.141421 0.282843
0.394737 0.868421 0.282843 0.141421
0.394737 0.921053 0.100000 0.100000
0.394737 0.921053 0.141421 0.282843
0.394737 0.921053 0.282843 0.141421
0.394737 0.973684 0.100000 0.100000
0.394737 0.973684 0.141421 0.282843
0.394737 0.973684 0.282843 0.141421
0.447368 0.026316 0.100000 0.100000
0.447368 0.026316 0.141421 0.282843
0.447368 0.026316 0.282843 0.141421
0.447368 0.078947 0.100000 0.100000
0.447368 0.078947 0.141421 0.282843
0.447368 0.078947 0.282843 0.141421
0.447368 0.131579 0.100000 0.100000
0.447368 0.131579 0.141421 0.282843
0.447368 0.131579 0.282843 0.141421
0.447368 0.184211 0.100000 0.100000
0.447368 0.184211 0.141421 0.282843
0.447368 0.184211 0.282843 0.141421
0.447368 0.236842 0.100000 0.100000
0.447368 0.236842 0.141421 0.282843
0.447368 0.236842 0.282843 0.141421
0.447368 0.289474 0.100000 0.100000
0.447368 0.289474 0.141421 0.282843
0.447368 0.289474 0.282843 0.141421
0.447368 0.342105 0.100000 0.100000
0.447368 0.342105 0.141421 0.282843
0.447368 0.342105 0.282843 0.141421
0.447368 0.394737 0.100000 0.100000
0.447368 0.394737 0.141421 0.282843
0.447368 0.394737 0.282843 0.141421
0.447368 0.447368 0.100000 0.100000
0.447368 0.447368 0.141421 0.282843
0.447368 0.447368 0.282843 0.141421
0.447368 0.500000 0.100000 0.100000
0.447368 0.500000 0.141421 0.282843
0.447368 0.500000 0.282843 0.141421
0.447368 0.552632 0.100000 0.100000
0.447368 0.552632 0.141421 0.282843
0.447368 0.552632 0.282843 0.141421
0.447368 0.605263 0.100000 0.100000
0.447368 0.605263 0.141421 0.282843
0.447368 0.605263 0.282843 0.141421
0.447368 0.657895 0.100000 0.100000
0.447368 0.657895 0.141421 0.282843
0.447368 0.657895 0.282843 0.141421
0.447368 0.710526 0.100000 0.100000
0.447368 0.710526 0.141421 0.282843
0.447368 0.710526 0.282843 0.141421
0.447368 0.763158 0.100000 0.100000
0.447368 0.763158 0.141421 0.282843
0.447368 0.763158 0.282843 0.141421
0.447368 0.815790 0.100000 0.100000
0.447368 0.815790 0.141421 0.282843
0.447368 0.815790 0.282843 0.141421
0.447368 0.868421 0.100000 0.100000
0.447368 0.868421 0.141421 0.282843
0.447368 0.868421 0.282843 0.141421
0.447368 0.921053 0.100000 0.100000
0.447368 0.921053 0.141421 0.282843
0.447368 0.921053 0.282843 0.141421
0.447368 0.973684 0.100000 0.100000
0.447368 0.973684 0.141421 0.282843
0.447368 0.973684 0.282843 0.141421
0.500000 0.026316 0.100000 0.100000
0.500000 0.026316 0.141421 0.282843
0.500000 0.026316 0.282843 0.141421
0.500000 0.078947 0.100000 0.100000
0.500000 0.078947 0.141421 0.282843
0.500000 0.078947 0.282843 0.141421
0.500000 0.131579 0.100000 0.100000
0.500000 0.131579 0.141421 0.282843
0.500000 0.131579 0.282843 0.141421
0.500000 0.184211 0.100000 0.100000
0.500000 0.184211 0.141421 0.282843
0.500000 0.184211 0.282843 0.141421
0.500000 0.236842 0.100000 0.100000
0.500000 0.236842 0.141421 0.282843
0.500000 0.236842 0.282843 0.141421
0.500000 0.289474 0.100000 0.100000
0.500000 0.289474 0.141421 0.282843
0.500000 0.289474 0.282843 0.141421
0.500000 0.342105 0.100000 0.100000
0.500000 0.342105 0.141421 0.282843
0.500000 0.342105 0.282843 0.141421
0.500000 0.394737 0.100000 0.100000
0.500000 0.394737 0.141421 0.282843
0.500000 0.394737 0.282843 0.141421
0.500000 0.447368 0.100000 0.100000
0.500000 0.447368 0.141421 0.282843
0.500000 0.447368 0.282843 0.141421
0.500000 0.500000 0.100000 0.100000
0.500000 0.500000 0.141421 0.282843
0.500000 0.500000 0.282843 0.141421
0.500000 0.552632 0.100000 0.100000
0.500000 0.552632 0.141421 0.282843
0.500000 0.552632 0.282843 0.141421
0.500000 0.605263 0.100000 0.100000
0.500000 0.605263 0.141421 0.282843
0.500000 0.605263 0.282843 0.141421
0.500000 0.657895 0.100000 0.100000
0.500000 0.657895 0.141421 0.282843
0.500000 0.657895 0.282843 0.141421
0.500000 0.710526 0.100000 0.100000
0.500000 0.710526 0.141421 0.282843
0.500000 0.710526 0.282843 0.141421
0.500000 0.763158 0.100000 0.100000
0.500000 0.763158 0.141421 0.282843
0.500000 0.763158 0.282843 0.141421
0.500000 0.815790 0.100000 0.100000
0.500000 0.815790 0.141421 0.282843
0.500000 0.815790 0.282843 0.141421
0.500000 0.868421 0.100000 0.100000
0.500000 0.868421 0.141421 0.282843
0.500000 0.868421 0.282843 0.141421
0.500000 0.921053 0.100000 0.100000
0.500000 0.921053 0.141421 0.282843
0.500000 0.921053 0.282843 0.141421
0.500000 0.973684 0.100000 0.100000
0.500000 0.973684 0.141421 0.282843
0.500000 0.973684 0.282843 0.141421
0.552632 0.026316 0.100000 0.100000
0.552632 0.026316 0.141421 0.282843
0.552632 0.026316 0.282843 0.141421
0.552632 0.078947 0.100000 0.100000
0.552632 0.078947 0.141421 0.282843
0.552632 0.078947 0.282843 0.141421
0.552632 0.131579 0.100000 0.100000
0.552632 0.131579 0.141421 0.282843
0.552632 0.131579 0.282843 0.141421
0.552632 0.184211 0.100000 0.100000
0.552632 0.184211 0.141421 0.282843
0.552632 0.184211 0.282843 0.141421
0.552632 0.236842 0.100000 0.100000
0.552632 0.236842 0.141421 0.282843
0.552632 0.236842 0.282843 0.141421
0.552632 0.289474 0.100000 0.100000
0.552632 0.289474 0.141421 0.282843
0.552632 0.289474 0.282843 0.141421
0.552632 0.342105 0.100000 0.100000
0.552632 0.342105 0.141421 0.282843
0.552632 0.342105 0.282843 0.141421
0.552632 0.394737 0.100000 0.100000
0.552632 0.394737 0.141421 0.282843
0.552632 0.394737 0.282843 0.141421
0.552632 0.447368 0.100000 0.100000
0.552632 0.447368 0.141421 0.282843
0.552632 0.447368 0.282843 0.141421
0.552632 0.500000 0.100000 0.100000
0.552632 0.500000 0.141421 0.282843
0.552632 0.500000 0.282843 0.141421
0.552632 0.552632 0.100000 0.100000
0.552632 0.552632 0.141421 0.282843
0.552632 0.552632 0.282843 0.141421
0.552632 0.605263 0.100000 0.100000
0.552632 0.605263 0.141421 0.282843
0.552632 0.605263 0.282843 0.141421
0.552632 0.657895 0.100000 0.100000
0.552632 0.657895 0.141421 0.282843
0.552632 0.657895 0.282843 0.141421
0.552632 0.710526 0.100000 0.100000
0.552632 0.710526 0.141421 0.282843
0.552632 0.710526 0.282843 0.141421
0.552632 0.763158 0.100000 0.100000
0.552632 0.763158 0.141421 0.282843
0.552632 0.763158 0.282843 0.141421
0.552632 0.815790 0.100000 0.100000
0.552632 0.815790 0.141421 0.282843
0.552632 0.815790 0.282843 0.141421
0.552632 0.868421 0.100000 0.100000
0.552632 0.868421 0.141421 0.282843
0.552632 0.868421 0.282843 0.141421
0.552632 0.921053 0.100000 0.100000
0.552632 0.921053 0.141421 0.282843
0.552632 0.921053 0.282843 0.141421
0.552632 0.973684 0.100000 0.100000
0.552632 0.973684 0.141421 0.282843
0.552632 0.973684 0.282843 0.141421
0.605263 0.026316 0.100000 0.100000
0.605263 0.026316 0.141421 0.282843
0.605263 0.026316 0.282843 0.141421
0.605263 0.078947 0.100000 0.100000
0.605263 0.078947 0.141421 0.282843
0.605263 0.078947 0.282843 0.141421
0.605263 0.131579 0.100000 0.100000
0.605263 0.131579 0.141421 0.282843
0.605263 0.131579 0.282843 0.141421
0.605263 0.184211 0.100000 0.100000
0.605263 0.184211 0.141421 0.282843
0.605263 0.184211 0.282843 0.141421
0.605263 0.236842 0.100000 0.100000
0.605263 0.236842 0.141421 0.282843
0.605263 0.236842 0.282843 0.141421
0.605263 0.289474 0.100000 0.100000
0.605263 0.289474 0.141421 0.282843
0.605263 0.289474 0.282843 0.141421
0.605263 0.342105 0.100000 0.100000
0.605263 0.342105 0.141421 0.282843
0.605263 0.342105 0.282843 0.141421
0.605263 0.394737 0.100000 0.100000
0.605263 0.394737 0.141421 0.282843
0.605263 0.394737 0.282843 0.141421
0.605263 0.447368 0.100000 0.100000
0.605263 0.447368 0.141421 0.282843
0.605263 0.447368 0.282843 0.141421
0.605263 0.500000 0.100000 0.100000
0.605263 0.500000 0.141421 0.282843
0.605263 0.500000 0.282843 0.141421
0.605263 0.552632 0.100000 0.100000
0.605263 0.552632 0.141421 0.282843
0.605263 0.552632 0.282843 0.141421
0.605263 0.605263 0.100000 0.100000
0.605263 0.605263 0.141421 0.282843
0.605263 0.605263 0.282843 0.141421
0.605263 0.657895 0.100000 0.100000
0.605263 0.657895 0.141421 0.282843
0.605263 0.657895 0.282843 0.141421
0.605263 0.710526 0.100000 0.100000
0.605263 0.710526 0.141421 0.282843
0.605263 0.710526 0.282843 0.141421
0.605263 0.763158 0.100000 0.100000
0.605263 0.763158 0.141421 0.282843
0.605263 0.763158 0.282843 0.141421
0.605263 0.815790 0.100000 0.100000
0.605263 0.815790 0.141421 0.282843
0.605263 0.815790 0.282843 0.141421
0.605263 0.868421 0.100000 0.100000
0.605263 0.868421 0.141421 0.282843
0.605263 0.868421 0.282843 0.141421
0.605263 0.921053 0.100000 0.100000
0.605263 0.921053 0.141421 0.282843
0.605263 0.921053 0.282843 0.141421
0.605263 0.973684 0.100000 0.100000
0.605263 0.973684 0.141421 0.282843
0.605263 0.973684 0.282843 0.141421
0.657895 0.026316 0.100000 0.100000
0.657895 0.026316 0.141421 0.282843
0.657895 0.026316 0.282843 0.141421
0.657895 0.078947 0.100000 0.100000
0.657895 0.078947 0.141421 0.282843
0.657895 0.078947 0.282843 0.141421
0.657895 0.131579 0.100000 0.100000
0.657895 0.131579 0.141421 0.282843
0.657895 0.131579 0.282843 0.141421
0.657895 0.184211 0.100000 0.100000
0.657895 0.184211 0.141421 0.282843
0.657895 0.184211 0.282843 0.141421
0.657895 0.236842 0.100000 0.100000
0.657895 0.236842 0.141421 0.282843
0.657895 0.236842 0.282843 0.141421
0.657895 0.289474 0.100000 0.100000
0.657895 0.289474 0.141421 0.282843
0.657895 0.289474 0.282843 0.141421
0.657895 0.342105 0.100000 0.100000
0.657895 0.342105 0.141421 0.282843
0.657895 0.342105 0.282843 0.141421
0.657895 0.394737 0.100000 0.100000
0.657895 0.394737 0.141421 0.282843
0.657895 0.394737 0.282843 0.141421
0.657895 0.447368 0.100000 0.100000
0.657895 0.447368 0.141421 0.282843
0.657895 0.447368 0.282843 0.141421
0.657895 0.500000 0.100000 0.100000
0.657895 0.500000 0.141421 0.282843
0.657895 0.500000 0.282843 0.141421
0.657895 0.552632 0.100000 0.100000
0.657895 0.552632 0.141421 0.282843
0.657895 0.552632 0.282843 0.141421
0.657895 0.605263 0.100000 0.100000
0.657895 0.605263 0.141421 0.282843
0.657895 0.605263 0.282843 0.141421
0.657895 0.657895 0.100000 0.100000
0.657895 0.657895 0.141421 0.282843
0.657895 0.657895 0.282843 0.141421
0.657895 0.710526 0.100000 0.100000
0.657895 0.710526 0.141421 0.282843
0.657895 0.710526 0.282843 0.141421
0.657895 0.763158 0.100000 0.100000
0.657895 0.763158 0.141421 0.282843
0.657895 0.763158 0.282843 0.141421
0.657895 0.815790 0.100000 0.100000
0.657895 0.815790 0.141421 0.282843
0.657895 0.815790 0.282843 0.141421
0.657895 0.868421 0.100000 0.100000
0.657895 0.868421 0.141421 0.282843
0.657895 0.868421 0.282843 0.141421
0.657895 0.921053 0.100000 0.100000
0.657895 0.921053 0.141421 0.282843
0.657895 0.921053 0.282843 0.141421
0.657895 0.973684 0.100000 0.100000
0.657895 0.973684 0.141421 0.282843
0.657895 0.973684 0.282843 0.141421
0.710526 0.026316 0.100000 0.100000
0.710526 0.026316 0.141421 0.282843
0.710526 0.026316 0.282843 0.141421
0.710526 0.078947 0.100000 0.100000
0.710526 0.078947 0.141421 0.282843
0.710526 0.078947 0.282843 0.141421
0.710526 0.131579 0.100000 0.100000
0.710526 0.131579 0.141421 0.282843
0.710526 0.131579 0.282843 0.141421
0.710526 0.184211 0.100000 0.100000
0.710526 0.184211 0.141421 0.282843
0.710526 0.184211 0.282843 0.141421
0.710526 0.236842 0.100000 0.100000
0.710526 0.236842 0.141421 0.282843
0.710526 0.236842 0.282843 0.141421
0.710526 0.289474 0.100000 0.100000
0.710526 0.289474 0.141421 0.282843
0.710526 0.289474 0.282843 0.141421
0.710526 0.342105 0.100000 0.100000
0.710526 0.342105 0.141421 0.282843
0.710526 0.342105 0.282843 0.141421
0.710526 0.394737 0.100000 0.100000
0.710526 0.394737 0.141421 0.282843
0.710526 0.394737 0.282843 0.141421
0.710526 0.447368 0.100000 0.100000
0.710526 0.447368 0.141421 0.282843
0.710526 0.447368 0.282843 0.141421
0.710526 0.500000 0.100000 0.100000
0.710526 0.500000 0.141421 0.282843
0.710526 0.500000 0.282843 0.141421
0.710526 0.552632 0.100000 0.100000
0.710526 0.552632 0.141421 0.282843
0.710526 0.552632 0.282843 0.141421
0.710526 0.605263 0.100000 0.100000
0.710526 0.605263 0.141421 0.282843
0.710526 0.605263 0.282843 0.141421
0.710526 0.657895 0.100000 0.100000
0.710526 0.657895 0.141421 0.282843
0.710526 0.657895 0.282843 0.141421
0.710526 0.710526 0.100000 0.100000
0.710526 0.710526 0.141421 0.282843
0.710526 0.710526 0.282843 0.141421
0.710526 0.763158 0.100000 0.100000
0.710526 0.763158 0.141421 0.282843
0.710526 0.763158 0.282843 0.141421
0.710526 0.815790 0.100000 0.100000
0.710526 0.815790 0.141421 0.282843
0.710526 0.815790 0.282843 0.141421
0.710526 0.868421 0.100000 0.100000
0.710526 0.868421 0.141421 0.282843
0.710526 0.868421 0.282843 0.141421
0.710526 0.921053 0.100000 0.100000
0.710526 0.921053 0.141421 0.282843
0.710526 0.921053 0.282843 0.141421
0.710526 0.973684 0.100000 0.100000
0.710526 0.973684 0.141421 0.282843
0.710526 0.973684 0.282843 0.141421
0.763158 0.026316 0.100000 0.100000
0.763158 0.026316 0.141421 0.282843
0.763158 0.026316 0.282843 0.141421
0.763158 0.078947 0.100000 0.100000
0.763158 0.078947 0.141421 0.282843
0.763158 0.078947 0.282843 0.141421
0.763158 0.131579 0.100000 0.100000
0.763158 0.131579 0.141421 0.282843
0.763158 0.131579 0.282843 0.141421
0.763158 0.184211 0.100000 0.100000
0.763158 0.184211 0.141421 0.282843
0.763158 0.184211 0.282843 0.141421
0.763158 0.236842 0.100000 0.100000
0.763158 0.236842 0.141421 0.282843
0.763158 0.236842 0.282843 0.141421
0.763158 0.289474 0.100000 0.100000
0.763158 0.289474 0.141421 0.282843
0.763158 0.289474 0.282843 0.141421
0.763158 0.342105 0.100000 0.100000
0.763158 0.342105 0.141421 0.282843
0.763158 0.342105 0.282843 0.141421
0.763158 0.394737 0.100000 0.100000
0.763158 0.394737 0.141421 0.282843
0.763158 0.394737 0.282843 0.141421
0.763158 0.447368 0.100000 0.100000
0.763158 0.447368 0.141421 0.282843
0.763158 0.447368 0.282843 0.141421
0.763158 0.500000 0.100000 0.100000
0.763158 0.500000 0.141421 0.282843
0.763158 0.500000 0.282843 0.141421
0.763158 0.552632 0.100000 0.100000
0.763158 0.552632 0.141421 0.282843
0.763158 0.552632 0.282843 0.141421
0.763158 0.605263 0.100000 0.100000
0.763158 0.605263 0.141421 0.282843
0.763158 0.605263 0.282843 0.141421
0.763158 0.657895 0.100000 0.100000
0.763158 0.657895 0.141421 0.282843
0.763158 0.657895 0.282843 0.141421
0.763158 0.710526 0.100000 0.100000
0.763158 0.710526 0.141421 0.282843
0.763158 0.710526 0.282843 0.141421
0.763158 0.763158 0.100000 0.100000
0.763158 0.763158 0.141421 0.282843
0.763158 0.763158 0.282843 0.141421
0.763158 0.815790 0.100000 0.100000
0.763158 0.815790 0.141421 0.282843
0.763158 0.815790 0.282843 0.141421
0.763158 0.868421 0.100000 0.100000
0.763158 0.868421 0.141421 0.282843
0.763158 0.868421 0.282843 0.141421
0.763158 0.921053 0.100000 0.100000
0.763158 0.921053 0.141421 0.282843
0.763158 0.921053 0.282843 0.141421
0.763158 0.973684 0.100000 0.100000
0.763158 0.973684 0.141421 0.282843
0.763158 0.973684 0.282843 0.141421
0.815790 0.026316 0.100000 0.100000
0.815790 0.026316 0.141421 0.282843
0.815790 0.026316 0.282843 0.141421
0.815790 0.078947 0.100000 0.100000
0.815790 0.078947 0.141421 0.282843
0.815790 0.078947 0.282843 0.141421
0.815790 0.131579 0.100000 0.100000
0.815790 0.131579 0.141421 0.282843
0.815790 0.131579 0.282843 0.141421
0.815790 0.184211 0.100000 0.100000
0.815790 0.184211 0.141421 0.282843
0.815790 0.184211 0.282843 0.141421
0.815790 0.236842 0.100000 0.100000
0.815790 0.236842 0.141421 0.282843
0.815790 0.236842 0.282843 0.141421
0.815790 0.289474 0.100000 0.100000
0.815790 0.289474 0.141421 0.282843
0.815790 0.289474 0.282843 0.141421
0.815790 0.342105 0.100000 0.100000
0.815790 0.342105 0.141421 0.282843
0.815790 0.342105 0.282843 0.141421
0.815790 0.394737 0.100000 0.100000
0.815790 0.394737 0.141421 0.282843
0.815790 0.394737 0.282843 0.141421
0.815790 0.447368 0.100000 0.100000
0.815790 0.447368 0.141421 0.282843
0.815790 0.447368 0.282843 0.141421
0.815790 0.500000 0.100000 0.100000
0.815790 0.500000 0.141421 0.282843
0.815790 0.500000 0.282843 0.141421
0.815790 0.552632 0.100000 0.100000
0.815790 0.552632 0.141421 0.282843
0.815790 0.552632 0.282843 0.141421
0.815790 0.605263 0.100000 0.100000
0.815790 0.605263 0.141421 0.282843
0.815790 0.605263 0.282843 0.141421
0.815790 0.657895 0.100000 0.100000
0.815790 0.657895 0.141421 0.282843
0.815790 0.657895 0.282843 0.141421
0.815790 0.710526 0.100000 0.100000
0.815790 0.710526 0.141421 0.282843
0.815790 0.710526 0.282843 0.141421
0.815790 0.763158 0.100000 0.100000
0.815790 0.763158 0.141421 0.282843
0.815790 0.763158 0.282843 0.141421
0.815790 0.815790 0.100000 0.100000
0.815790 0.815790 0.141421 0.282843
0.815790 0.815790 0.282843 0.141421
0.815790 0.868421 0.100000 0.100000
0.815790 0.868421 0.141421 0.282843
0.815790 0.868421 0.282843 0.141421
0.815790 0.921053 0.100000 0.100000
0.815790 0.921053 0.141421 0.282843
0.815790 0.921053 0.282843 0.141421
0.815790 0.973684 0.100000 0.100000
0.815790 0.973684 0.141421 0.282843
0.815790 0.973684 0.282843 0.141421
0.868421 0.026316 0.100000 0.100000
0.868421 0.026316 0.141421 0.282843
0.868421 0.026316 0.282843 0.141421
0.868421 0.078947 0.100000 0.100000
0.868421 0.078947 0.141421 0.282843
0.868421 0.078947 0.282843 0.141421
0.868421 0.131579 0.100000 0.100000
0.868421 0.131579 0.141421 0.282843
0.868421 0.131579 0.282843 0.141421
0.868421 0.184211 0.100000 0.100000
0.868421 0.184211 0.141421 0.282843
0.868421 0.184211 0.282843 0.141421
0.868421 0.236842 0.100000 0.100000
0.868421 0.236842 0.141421 0.282843
0.868421 0.236842 0.282843 0.141421
0.868421 0.289474 0.100000 0.100000
0.868421 0.289474 0.141421 0.282843
0.868421 0.289474 0.282843 0.141421
0.868421 0.342105 0.100000 0.100000
0.868421 0.342105 0.141421 0.282843
0.868421 0.342105 0.282843 0.141421
0.868421 0.394737 0.100000 0.100000
0.868421 0.394737 0.141421 0.282843
0.868421 0.394737 0.282843 0.141421
0.868421 0.447368 0.100000 0.100000
0.868421 0.447368 0.141421 0.282843
0.868421 0.447368 0.282843 0.141421
0.868421 0.500000 0.100000 0.100000
0.868421 0.500000 0.141421 0.282843
0.868421 0.500000 0.282843 0.141421
0.868421 0.552632 0.100000 0.100000
0.868421 0.552632 0.141421 0.282843
0.868421 0.552632 0.282843 0.141421
0.868421 0.605263 0.100000 0.100000
0.868421 0.605263 0.141421 0.282843
0.868421 0.605263 0.282843 0.141421
0.868421 0.657895 0.100000 0.100000
0.868421 0.657895 0.141421 0.282843
0.868421 0.657895 0.282843 0.141421
0.868421 0.710526 0.100000 0.100000
0.868421 0.710526 0.141421 0.282843
0.868421 0.710526 0.282843 0.141421
0.868421 0.763158 0.100000 0.100000
0.868421 0.763158 0.141421 0.282843
0.868421 0.763158 0.282843 0.141421
0.868421 0.815790 0.100000 0.100000
0.868421 0.815790 0.141421 0.282843
0.868421 0.815790 0.282843 0.141421
0.868421 0.868421 0.100000 0.100000
0.868421 0.868421 0.141421 0.282843
0.868421 0.868421 0.282843 0.141421
0.868421 0.921053 0.100000 0.100000
0.868421 0.921053 0.141421 0.282843
0.868421 0.921053 0.282843 0.141421
0.868421 0.973684 0.100000 0.100000
0.868421 0.973684 0.141421 0.282843
0.868421 0.973684 0.282843 0.141421
0.921053 0.026316 0.100000 0.100000
0.921053 0.026316 0.141421 0.282843
0.921053 0.026316 0.282843 0.141421
0.921053 0.078947 0.100000 0.100000
0.921053 0.078947 0.141421 0.282843
0.921053 0.078947 0.282843 0.141421
0.921053 0.131579 0.100000 0.100000
0.921053 0.131579 0.141421 0.282843
0.921053 0.131579 0.282843 0.141421
0.921053 0.184211 0.100000 0.100000
0.921053 0.184211 0.141421 0.282843
0.921053 0.184211 0.282843 0.141421
0.921053 0.236842 0.100000 0.100000
0.921053 0.236842 0.141421 0.282843
0.921053 0.236842 0.282843 0.141421
0.921053 0.289474 0.100000 0.100000
0.921053 0.289474 0.141421 0.282843
0.921053 0.289474 0.282843 0.141421
0.921053 0.342105 0.100000 0.100000
0.921053 0.342105 0.141421 0.282843
0.921053 0.342105 0.282843 0.141421
0.921053 0.394737 0.100000 0.100000
0.921053 0.394737 0.141421 0.282843
0.921053 0.394737 0.282843 0.141421
0.921053 0.447368 0.100000 0.100000
0.921053 0.447368 0.141421 0.282843
0.921053 0.447368 0.282843 0.141421
0.921053 0.500000 0.100000 0.100000
0.921053 0.500000 0.141421 0.282843
0.921053 0.500000 0.282843 0.141421
0.921053 0.552632 0.100000 0.100000
0.921053 0.552632 0.141421 0.282843
0.921053 0.552632 0.282843 0.141421
0.921053 0.605263 0.100000 0.100000
0.921053 0.605263 0.141421 0.282843
0.921053 0.605263 0.282843 0.141421
0.921053 0.657895 0.100000 0.100000
0.921053 0.657895 0.141421 0.282843
0.921053 0.657895 0.282843 0.141421
0.921053 0.710526 0.100000 0.100000
0.921053 0.710526 0.141421 0.282843
0.921053 0.710526 0.282843 0.141421
0.921053 0.763158 0.100000 0.100000
0.921053 0.763158 0.141421 0.282843
0.921053 0.763158 0.282843 0.141421
0.921053 0.815790 0.100000 0.100000
0.921053 0.815790 0.141421 0.282843
0.921053 0.815790 0.282843 0.141421
0.921053 0.868421 0.100000 0.100000
0.921053 0.868421 0.141421 0.282843
0.921053 0.868421 0.282843 0.141421
0.921053 0.921053 0.100000 0.100000
0.921053 0.921053 0.141421 0.282843
0.921053 0.921053 0.282843 0.141421
0.921053 0.973684 0.100000 0.100000
0.921053 0.973684 0.141421 0.282843
0.921053 0.973684 0.282843 0.141421
0.973684 0.026316 0.100000 0.100000
0.973684 0.026316 0.141421 0.282843
0.973684 0.026316 0.282843 0.141421
0.973684 0.078947 0.100000 0.100000
0.973684 0.078947 0.141421 0.282843
0.973684 0.078947 0.282843 0.141421
0.973684 0.131579 0.100000 0.100000
0.973684 0.131579 0.141421 0.282843
0.973684 0.131579 0.282843 0.141421
0.973684 0.184211 0.100000 0.100000
0.973684 0.184211 0.141421 0.282843
0.973684 0.184211 0.282843 0.141421
0.973684 0.236842 0.100000 0.100000
0.973684 0.236842 0.141421 0.282843
0.973684 0.236842 0.282843 0.141421
0.973684 0.289474 0.100000 0.100000
0.973684 0.289474 0.141421 0.282843
0.973684 0.289474 0.282843 0.141421
0.973684 0.342105 0.100000 0.100000
0.973684 0.342105 0.141421 0.282843
0.973684 0.342105 0.282843 0.141421
0.973684 0.394737 0.100000 0.100000
0.973684 0.394737 0.141421 0.282843
0.973684 0.394737 0.282843 0.141421
0.973684 0.447368 0.100000 0.100000
0.973684 0.447368 0.141421 0.282843
0.973684 0.447368 0.282843 0.141421
0.973684 0.500000 0.100000 0.100000
0.973684 0.500000 0.141421 0.282843
0.973684 0.500000 0.282843 0.141421
0.973684 0.552632 0.100000 0.100000
0.973684 0.552632 0.141421 0.282843
0.973684 0.552632 0.282843 0.141421
0.973684 0.605263 0.100000 0.100000
0.973684 0.605263 0.141421 0.282843
0.973684 0.605263 0.282843 0.141421
0.973684 0.657895 0.100000 0.100000
0.973684 0.657895 0.141421 0.282843
0.973684 0.657895 0.282843 0.141421
0.973684 0.710526 0.100000 0.100000
0.973684 0.710526 0.141421 0.282843
0.973684 0.710526 0.282843 0.141421
0.973684 0.763158 0.100000 0.100000
0.973684 0.763158 0.141421 0.282843
0.973684 0.763158 0.282843 0.141421
0.973684 0.815790 0.100000 0.100000
0.973684 0.815790 0.141421 0.282843
0.973684 0.815790 0.282843 0.141421
0.973684 0.868421 0.100000 0.100000
0.973684 0.868421 0.141421 0.282843
0.973684 0.868421 0.282843 0.141421
0.973684 0.921053 0.100000 0.100000
0.973684 0.921053 0.141421 0.282843
0.973684 0.921053 0.282843 0.141421
0.973684 0.973684 0.100000 0.100000
0.973684 0.973684 0.141421 0.282843
0.973684 0.973684 0.282843 0.141421
0.050000 0.050000 0.350000 0.350000
0.050000 0.050000 0.247487 0.494975
0.050000 0.050000 0.494975 0.247487
0.050000 0.050000 0.202073 0.606218
0.050000 0.050000 0.606248 0.202062
0.050000 0.050000 0.418330 0.418330
0.050000 0.150000 0.350000 0.350000
0.050000 0.150000 0.247487 0.494975
0.050000 0.150000 0.494975 0.247487
0.050000 0.150000 0.202073 0.606218
0.050000 0.150000 0.606248 0.202062
0.050000 0.150000 0.418330 0.418330
0.050000 0.250000 0.350000 0.350000
0.050000 0.250000 0.247487 0.494975
0.050000 0.250000 0.494975 0.247487
0.050000 0.250000 0.202073 0.606218
0.050000 0.250000 0.606248 0.202062
0.050000 0.250000 0.418330 0.418330
0.050000 0.350000 0.350000 0.350000
0.050000 0.350000 0.247487 0.494975
0.050000 0.350000 0.494975 0.247487
0.050000 0.350000 0.202073 0.606218
0.050000 0.350000 0.606248 0.202062
0.050000 0.350000 0.418330 0.418330
0.050000 0.450000 0.350000 0.350000
0.050000 0.450000 0.247487 0.494975
0.050000 0.450000 0.494975 0.247487
0.050000 0.450000 0.202073 0.606218
0.050000 0.450000 0.606248 0.202062
0.050000 0.450000 0.418330 0.418330
0.050000 0.550000 0.350000 0.350000
0.050000 0.550000 0.247487 0.494975
0.050000 0.550000 0.494975 0.247487
0.050000 0.550000 0.202073 0.606218
0.050000 0.550000 0.606248 0.202062
0.050000 0.550000 0.418330 0.418330
0.050000 0.650000 0.350000 0.350000
0.050000 0.650000 0.247487 0.494975
0.050000 0.650000 0.494975 0.247487
0.050000 0.650000 0.202073 0.606218
0.050000 0.650000 0.606248 0.202062
0.050000 0.650000 0.418330 0.418330
0.050000 0.750000 0.350000 0.350000
0.050000 0.750000 0.247487 0.494975
0.050000 0.750000 0.494975 0.247487
0.050000 0.750000 0.202073 0.606218
0.050000 0.750000 0.606248 0.202062
0.050000 0.750000 0.418330 0.418330
0.050000 0.850000 0.350000 0.350000
0.050000 0.850000 0.247487 0.494975
0.050000 0.850000 0.494975 0.247487
0.050000 0.850000 0.202073 0.606218
0.050000 0.850000 0.606248 0.202062
0.050000 0.850000 0.418330 0.418330
0.050000 0.950000 0.350000 0.350000
0.050000 0.950000 0.247487 0.494975
0.050000 0.950000 0.494975 0.247487
0.050000 0.950000 0.202073 0.606218
0.050000 0.950000 0.606248 0.202063
0.050000 0.950000 0.418330 0.418330
0.150000 0.050000 0.350000 0.350000
0.150000 0.050000 0.247487 0.494975
0.150000 0.050000 0.494975 0.247487
0.150000 0.050000 0.202073 0.606218
0.150000 0.050000 0.606248 0.202062
0.150000 0.050000 0.418330 0.418330
0.150000 0.150000 0.350000 0.350000
0.150000 0.150000 0.247487 0.494975
0.150000 0.150000 0.494975 0.247487
0.150000 0.150000 0.202073 0.606218
0.150000 0.150000 0.606248 0.202062
0.150000 0.150000 0.418330 0.418330
0.150000 0.250000 0.350000 0.350000
0.150000 0.250000 0.247487 0.494975
0.150000 0.250000 0.494975 0.247487
0.150000 0.250000 0.202073 0.606218
0.150000 0.250000 0.606248 0.202062
0.150000 0.250000 0.418330 0.418330
0.150000 0.350000 0.350000 0.350000
0.150000 0.350000 0.247487 0.494975
0.150000 0.350000 0.494975 0.247487
0.150000 0.350000 0.202073 0.606218
0.150000 0.350000 0.606248 0.202062
0.150000 0.350000 0.418330 0.418330
0.150000 0.450000 0.350000 0.350000
0.150000 0.450000 0.247487 0.494975
0.150000 0.450000 0.494975 0.247487
0.150000 0.450000 0.202073 0.606218
0.150000 0.450000 0.606248 0.202062
0.150000 0.450000 0.418330 0.418330
0.150000 0.550000 0.350000 0.350000
0.150000 0.550000 0.247487 0.494975
0.150000 0.550000 0.494975 0.247487
0.150000 0.550000 0.202073 0.606218
0.150000 0.550000 0.606248 0.202062
0.150000 0.550000 0.418330 0.418330
0.150000 0.650000 0.350000 0.350000
0.150000 0.650000 0.247487 0.494975
0.150000 0.650000 0.494975 0.247487
0.150000 0.650000 0.202073 0.606218
0.150000 0.650000 0.606248 0.202062
0.150000 0.650000 0.418330 0.418330
0.150000 0.750000 0.350000 0.350000
0.150000 0.750000 0.247487 0.494975
0.150000 0.750000 0.494975 0.247487
0.150000 0.750000 0.202073 0.606218
0.150000 0.750000 0.606248 0.202062
0.150000 0.750000 0.418330 0.418330
0.150000 0.850000 0.350000 0.350000
0.150000 0.850000 0.247487 0.494975
0.150000 0.850000 0.494975 0.247487
0.150000 0.850000 0.202073 0.606218
0.150000 0.850000 0.606248 0.202062
0.150000 0.850000 0.418330 0.418330
0.150000 0.950000 0.350000 0.350000
0.150000 0.950000 0.247487 0.494975
0.150000 0.950000 0.494975 0.247487
0.150000 0.950000 0.202073 0.606218
0.150000 0.950000 0.606248 0.202063
0.150000 0.950000 0.418330 0.418330
0.250000 0.050000 0.350000 0.350000
0.250000 0.050000 0.247487 0.494975
0.250000 0.050000 0.494975 0.247487
0.250000 0.050000 0.202073 0.606218
0.250000 0.050000 0.606248 0.202062
0.250000 0.050000 0.418330 0.418330
0.250000 0.150000 0.350000 0.350000
0.250000 0.150000 0.247487 0.494975
0.250000 0.150000 0.494975 0.247487
0.250000 0.150000 0.202073 0.606218
0.250000 0.150000 0.606248 0.202062
0.250000 0.150000 0.418330 0.418330
0.250000 0.250000 0.350000 0.350000
0.250000 0.250000 0.247487 0.494975
0.250000 0.250000 0.494975 0.247487
0.250000 0.250000 0.202073 0.606218
0.250000 0.250000 0.606248 0.202062
0.250000 0.250000 0.418330 0.418330
0.250000 0.350000 0.350000 0.350000
0.250000 0.350000 0.247487 0.494975
0.250000 0.350000 0.494975 0.247487
0.250000 0.350000 0.202073 0.606218
0.250000 0.350000 0.606248 0.202062
0.250000 0.350000 0.418330 0.418330
0.250000 0.450000 0.350000 0.350000
0.250000 0.450000 0.247487 0.494975
0.250000 0.450000 0.494975 0.247487
0.250000 0.450000 0.202073 0.606218
0.250000 0.450000 0.606248 0.202062
0.250000 0.450000 0.418330 0.418330
0.250000 0.550000 0.350000 0.350000
0.250000 0.550000 0.247487 0.494975
0.250000 0.550000 0.494975 0.247487
0.250000 0.550000 0.202073 0.606218
0.250000 0.550000 0.606248 0.202062
0.250000 0.550000 0.418330 0.418330
0.250000 0.650000 0.350000 0.350000
0.250000 0.650000 0.247487 0.494975
0.250000 0.650000 0.494975 0.247487
0.250000 0.650000 0.202073 0.606218
0.250000 0.650000 0.606248 0.202062
0.250000 0.650000 0.418330 0.418330
0.250000 0.750000 0.350000 0.350000
0.250000 0.750000 0.247487 0.494975
0.250000 0.750000 0.494975 0.247487
0.250000 0.750000 0.202073 0.606218
0.250000 0.750000 0.606248 0.202062
0.250000 0.750000 0.418330 0.418330
0.250000 0.850000 0.350000 0.350000
0.250000 0.850000 0.247487 0.494975
0.250000 0.850000 0.494975 0.247487
0.250000 0.850000 0.202073 0.606218
0.250000 0.850000 0.606248 0.202062
0.250000 0.850000 0.418330 0.418330
0.250000 0.950000 0.350000 0.350000
0.250000 0.950000 0.247487 0.494975
0.250000 0.950000 0.494975 0.247487
0.250000 0.950000 0.202073 0.606218
0.250000 0.950000 0.606248 0.202063
0.250000 0.950000 0.418330 0.418330
0.350000 0.050000 0.350000 0.350000
0.350000 0.050000 0.247487 0.494975
0.350000 0.050000 0.494975 0.247487
0.350000 0.050000 0.202073 0.606218
0.350000 0.050000 0.606248 0.202062
0.350000 0.050000 0.418330 0.418330
0.350000 0.150000 0.350000 0.350000
0.350000 0.150000 0.247487 0.494975
0.350000 0.150000 0.494975 0.247487
0.350000 0.150000 0.202073 0.606218
0.350000 0.150000 0.606248 0.202062
0.350000 0.150000 0.418330 0.418330
0.350000 0.250000 0.350000 0.350000
0.350000 0.250000 0.247487 0.494975
0.350000 0.250000 0.494975 0.247487
0.350000 0.250000 0.202073 0.606218
0.350000 0.250000 0.606248 0.202062
0.350000 0.250000 0.418330 0.418330
0.350000 0.350000 0.350000 0.350000
0.350000 0.350000 0.247487 0.494975
0.350000 0.350000 0.494975 0.247487
0.350000 0.350000 0.202073 0.606218
0.350000 0.350000 0.606248 0.202062
0.350000 0.350000 0.418330 0.418330
0.350000 0.450000 0.350000 0.350000
0.350000 0.450000 0.247487 0.494975
0.350000 0.450000 0.494975 0.247487
0.350000 0.450000 0.202073 0.606218
0.350000 0.450000 0.606248 0.202062
0.350000 0.450000 0.418330 0.418330
0.350000 0.550000 0.350000 0.350000
0.350000 0.550000 0.247487 0.494975
0.350000 0.550000 0.494975 0.247487
0.350000 0.550000 0.202073 0.606218
0.350000 0.550000 0.606248 0.202062
0.350000 0.550000 0.418330 0.418330
0.350000 0.650000 0.350000 0.350000
0.350000 0.650000 0.247487 0.494975
0.350000 0.650000 0.494975 0.247487
0.350000 0.650000 0.202073 0.606218
0.350000 0.650000 0.606248 0.202062
0.350000 0.650000 0.418330 0.418330
0.350000 0.750000 0.350000 0.350000
0.350000 0.750000 0.247487 0.494975
0.350000 0.750000 0.494975 0.247487
0.350000 0.750000 0.202073 0.606218
0.350000 0.750000 0.606248 0.202062
0.350000 0.750000 0.418330 0.418330
0.350000 0.850000 0.350000 0.350000
0.350000 0.850000 0.247487 0.494975
0.350000 0.850000 0.494975 0.247487
0.350000 0.850000 0.202073 0.606218
0.350000 0.850000 0.606248 0.202062
0.350000 0.850000 0.418330 0.418330
0.350000 0.950000 0.350000 0.350000
0.350000 0.950000 0.247487 0.494975
0.350000 0.950000 0.494975 0.247487
0.350000 0.950000 0.202073 0.606218
0.350000 0.950000 0.606248 0.202063
0.350000 0.950000 0.418330 0.418330
0.450000 0.050000 0.350000 0.350000
0.450000 0.050000 0.247487 0.494975
0.450000 0.050000 0.494975 0.247487
0.450000 0.050000 0.202073 0.606218
0.450000 0.050000 0.606248 0.202062
0.450000 0.050000 0.418330 0.418330
0.450000 0.150000 0.350000 0.350000
0.450000 0.150000 0.247487 0.494975
0.450000 0.150000 0.494975 0.247487
0.450000 0.150000 0.202073 0.606218
0.450000 0.150000 0.606248 0.202062
0.450000 0.150000 0.418330 0.418330
0.450000 0.250000 0.350000 0.350000
0.450000 0.250000 0.247487 0.494975
0.450000 0.250000 0.494975 0.247487
0.450000 0.250000 0.202073 0.606218
0.450000 0.250000 0.606248 0.202062
0.450000 0.250000 0.418330 0.418330
0.450000 0.350000 0.350000 0.350000
0.450000 0.350000 0.247487 0.494975
0.450000 0.350000 0.494975 0.247487
0.450000 0.350000 0.202073 0.606218
0.450000 0.350000 0.606248 0.202062
0.450000 0.350000 0.418330 0.418330
0.450000 0.450000 0.350000 0.350000
0.450000 0.450000 0.247487 0.494975
0.450000 0.450000 0.494975 0.247487
0.450000 0.450000 0.202073 0.606218
0.450000 0.450000 0.606248 0.202062
0.450000 0.450000 0.418330 0.418330
0.450000 0.550000 0.350000 0.350000
0.450000 0.550000 0.247487 0.494975
0.450000 0.550000 0.494975 0.247487
0.450000 0.550000 0.202073 0.606218
0.450000 0.550000 0.606248 0.202062
0.450000 0.550000 0.418330 0.418330
0.450000 0.650000 0.350000 0.350000
0.450000 0.650000 0.247487 0.494975
0.450000 0.650000 0.494975 0.247487
0.450000 0.650000 0.202073 0.606218
0.450000 0.650000 0.606248 0.202062
0.450000 0.650000 0.418330 0.418330
0.450000 0.750000 0.350000 0.350000
0.450000 0.750000 0.247487 0.494975
0.450000 0.750000 0.494975 0.247487
0.450000 0.750000 0.202073 0.606218
0.450000 0.750000 0.606248 0.202062
0.450000 0.750000 0.418330 0.418330
0.450000 0.850000 0.350000 0.350000
0.450000 0.850000 0.247487 0.494975
0.450000 0.850000 0.494975 0.247487
0.450000 0.850000 0.202073 0.606218
0.450000 0.850000 0.606248 0.202062
0.450000 0.850000 0.418330 0.418330
0.450000 0.950000 0.350000 0.350000
0.450000 0.950000 0.247487 0.494975
0.450000 0.950000 0.494975 0.247487
0.450000 0.950000 0.202073 0.606218
0.450000 0.950000 0.606248 0.202063
0.450000 0.950000 0.418330 0.418330
0.550000 0.050000 0.350000 0.350000
0.550000 0.050000 0.247487 0.494975
0.550000 0.050000 0.494975 0.247487
0.550000 0.050000 0.202073 0.606218
0.550000 0.050000 0.606248 0.202062
0.550000 0.050000 0.418330 0.418330
0.550000 0.150000 0.350000 0.350000
0.550000 0.150000 0.247487 0.494975
0.550000 0.150000 0.494975 0.247487
0.550000 0.150000 0.202073 0.606218
0.550000 0.150000 0.606248 0.202062
0.550000 0.150000 0.418330 0.418330
0.550000 0.250000 0.350000 0.350000
0.550000 0.250000 0.247487 0.494975
0.550000 0.250000 0.494975 0.247487
0.550000 0.250000 0.202073 0.606218
0.550000 0.250000 0.606248 0.202062
0.550000 0.250000 0.418330 0.418330
0.550000 0.350000 0.350000 0.350000
0.550000 0.350000 0.247487 0.494975
0.550000 0.350000 0.494975 0.247487
0.550000 0.350000 0.202073 0.606218
0.550000 0.350000 0.606248 0.202062
0.550000 0.350000 0.418330 0.418330
0.550000 0.450000 0.350000 0.350000
0.550000 0.450000 0.247487 0.494975
0.550000 0.450000 0.494975 0.247487
0.550000 0.450000 0.202073 0.606218
0.550000 0.450000 0.606248 0.202062
0.550000 0.450000 0.418330 0.418330
0.550000 0.550000 0.350000 0.350000
0.550000 0.550000 0.247487 0.494975
0.550000 0.550000 0.494975 0.247487
0.550000 0.550000 0.202073 0.606218
0.550000 0.550000 0.606248 0.202062
0.550000 0.550000 0.418330 0.418330
0.550000 0.650000 0.350000 0.350000
0.550000 0.650000 0.247487 0.494975
0.550000 0.650000 0.494975 0.247487
0.550000 0.650000 0.202073 0.606218
0.550000 0.650000 0.606248 0.202062
0.550000 0.650000 0.418330 0.418330
0.550000 0.750000 0.350000 0.350000
0.550000 0.750000 0.247487 0.494975
0.550000 0.750000 0.494975 0.247487
0.550000 0.750000 0.202073 0.606218
0.550000 0.750000 0.606248 0.202062
0.550000 0.750000 0.418330 0.418330
0.550000 0.850000 0.350000 0.350000
0.550000 0.850000 0.247487 0.494975
0.550000 0.850000 0.494975 0.247487
0.550000 0.850000 0.202073 0.606218
0.550000 0.850000 0.606248 0.202062
0.550000 0.850000 0.418330 0.418330
0.550000 0.950000 0.350000 0.350000
0.550000 0.950000 0.247487 0.494975
0.550000 0.950000 0.494975 0.247487
0.550000 0.950000 0.202073 0.606218
0.550000 0.950000 0.606248 0.202063
0.550000 0.950000 0.418330 0.418330
0.650000 0.050000 0.350000 0.350000
0.650000 0.050000 0.247487 0.494975
0.650000 0.050000 0.494975 0.247487
0.650000 0.050000 0.202073 0.606218
0.650000 0.050000 0.606248 0.202062
0.650000 0.050000 0.418330 0.418330
0.650000 0.150000 0.350000 0.350000
0.650000 0.150000 0.247487 0.494975
0.650000 0.150000 0.494975 0.247487
0.650000 0.150000 0.202073 0.606218
0.650000 0.150000 0.606248 0.202062
0.650000 0.150000 0.418330 0.418330
0.650000 0.250000 0.350000 0.350000
0.650000 0.250000 0.247487 0.494975
0.650000 0.250000 0.494975 0.247487
0.650000 0.250000 0.202073 0.606218
0.650000 0.250000 0.606248 0.202062
0.650000 0.250000 0.418330 0.418330
0.650000 0.350000 0.350000 0.350000
0.650000 0.350000 0.247487 0.494975
0.650000 0.350000 0.494975 0.247487
0.650000 0.350000 0.202073 0.606218
0.650000 0.350000 0.606248 0.202062
0.650000 0.350000 0.418330 0.418330
0.650000 0.450000 0.350000 0.350000
0.650000 0.450000 0.247487 0.494975
0.650000 0.450000 0.494975 0.247487
0.650000 0.450000 0.202073 0.606218
0.650000 0.450000 0.606248 0.202062
0.650000 0.450000 0.418330 0.418330
0.650000 0.550000 0.350000 0.350000
0.650000 0.550000 0.247487 0.494975
0.650000 0.550000 0.494975 0.247487
0.650000 0.550000 0.202073 0.606218
0.650000 0.550000 0.606248 0.202062
0.650000 0.550000 0.418330 0.418330
0.650000 0.650000 0.350000 0.350000
0.650000 0.650000 0.247487 0.494975
0.650000 0.650000 0.494975 0.247487
0.650000 0.650000 0.202073 0.606218
0.650000 0.650000 0.606248 0.202062
0.650000 0.650000 0.418330 0.418330
0.650000 0.750000 0.350000 0.350000
0.650000 0.750000 0.247487 0.494975
0.650000 0.750000 0.494975 0.247487
0.650000 0.750000 0.202073 0.606218
0.650000 0.750000 0.606248 0.202062
0.650000 0.750000 0.418330 0.418330
0.650000 0.850000 0.350000 0.350000
0.650000 0.850000 0.247487 0.494975
0.650000 0.850000 0.494975 0.247487
0.650000 0.850000 0.202073 0.606218
0.650000 0.850000 0.606248 0.202062
0.650000 0.850000 0.418330 0.418330
0.650000 0.950000 0.350000 0.350000
0.650000 0.950000 0.247487 0.494975
0.650000 0.950000 0.494975 0.247487
0.650000 0.950000 0.202073 0.606218
0.650000 0.950000 0.606248 0.202063
0.650000 0.950000 0.418330 0.418330
0.750000 0.050000 0.350000 0.350000
0.750000 0.050000 0.247487 0.494975
0.750000 0.050000 0.494975 0.247487
0.750000 0.050000 0.202073 0.606218
0.750000 0.050000 0.606248 0.202062
0.750000 0.050000 0.418330 0.418330
0.750000 0.150000 0.350000 0.350000
0.750000 0.150000 0.247487 0.494975
0.750000 0.150000 0.494975 0.247487
0.750000 0.150000 0.202073 0.606218
0.750000 0.150000 0.606248 0.202062
0.750000 0.150000 0.418330 0.418330
0.750000 0.250000 0.350000 0.350000
0.750000 0.250000 0.247487 0.494975
0.750000 0.250000 0.494975 0.247487
0.750000 0.250000 0.202073 0.606218
0.750000 0.250000 0.606248 0.202062
0.750000 0.250000 0.418330 0.418330
0.750000 0.350000 0.350000 0.350000
0.750000 0.350000 0.247487 0.494975
0.750000 0.350000 0.494975 0.247487
0.750000 0.350000 0.202073 0.606218
0.750000 0.350000 0.606248 0.202062
0.750000 0.350000 0.418330 0.418330
0.750000 0.450000 0.350000 0.350000
0.750000 0.450000 0.247487 0.494975
0.750000 0.450000 0.494975 0.247487
0.750000 0.450000 0.202073 0.606218
0.750000 0.450000 0.606248 0.202062
0.750000 0.450000 0.418330 0.418330
0.750000 0.550000 0.350000 0.350000
0.750000 0.550000 0.247487 0.494975
0.750000 0.550000 0.494975 0.247487
0.750000 0.550000 0.202073 0.606218
0.750000 0.550000 0.606248 0.202062
0.750000 0.550000 0.418330 0.418330
0.750000 0.650000 0.350000 0.350000
0.750000 0.650000 0.247487 0.494975
0.750000 0.650000 0.494975 0.247487
0.750000 0.650000 0.202073 0.606218
0.750000 0.650000 0.606248 0.202062
0.750000 0.650000 0.418330 0.418330
0.750000 0.750000 0.350000 0.350000
0.750000 0.750000 0.247487 0.494975
0.750000 0.750000 0.494975 0.247487
0.750000 0.750000 0.202073 0.606218
0.750000 0.750000 0.606248 0.202062
0.750000 0.750000 0.418330 0.418330
0.750000 0.850000 0.350000 0.350000
0.750000 0.850000 0.247487 0.494975
0.750000 0.850000 0.494975 0.247487
0.750000 0.850000 0.202073 0.606218
0.750000 0.850000 0.606248 0.202062
0.750000 0.850000 0.418330 0.418330
0.750000 0.950000 0.350000 0.350000
0.750000 0.950000 0.247487 0.494975
0.750000 0.950000 0.494975 0.247487
0.750000 0.950000 0.202073 0.606218
0.750000 0.950000 0.606248 0.202063
0.750000 0.950000 0.418330 0.418330
0.850000 0.050000 0.350000 0.350000
0.850000 0.050000 0.247487 0.494975
0.850000 0.050000 0.494975 0.247487
0.850000 0.050000 0.202073 0.606218
0.850000 0.050000 0.606248 0.202062
0.850000 0.050000 0.418330 0.418330
0.850000 0.150000 0.350000 0.350000
0.850000 0.150000 0.247487 0.494975
0.850000 0.150000 0.494975 0.247487
0.850000 0.150000 0.202073 0.606218
0.850000 0.150000 0.606248 0.202062
0.850000 0.150000 0.418330 0.418330
0.850000 0.250000 0.350000 0.350000
0.850000 0.250000 0.247487 0.494975
0.850000 0.250000 0.494975 0.247487
0.850000 0.250000 0.202073 0.606218
0.850000 0.250000 0.606248 0.202062
0.850000 0.250000 0.418330 0.418330
0.850000 0.350000 0.350000 0.350000
0.850000 0.350000 0.247487 0.494975
0.850000 0.350000 0.494975 0.247487
0.850000 0.350000 0.202073 0.606218
0.850000 0.350000 0.606248 0.202062
0.850000 0.350000 0.418330 0.418330
0.850000 0.450000 0.350000 0.350000
0.850000 0.450000 0.247487 0.494975
0.850000 0.450000 0.494975 0.247487
0.850000 0.450000 0.202073 0.606218
0.850000 0.450000 0.606248 0.202062
0.850000 0.450000 0.418330 0.418330
0.850000 0.550000 0.350000 0.350000
0.850000 0.550000 0.247487 0.494975
0.850000 0.550000 0.494975 0.247487
0.850000 0.550000 0.202073 0.606218
0.850000 0.550000 0.606248 0.202062
0.850000 0.550000 0.418330 0.418330
0.850000 0.650000 0.350000 0.350000
0.850000 0.650000 0.247487 0.494975
0.850000 0.650000 0.494975 0.247487
0.850000 0.650000 0.202073 0.606218
0.850000 0.650000 0.606248 0.202062
0.850000 0.650000 0.418330 0.418330
0.850000 0.750000 0.350000 0.350000
0.850000 0.750000 0.247487 0.494975
0.850000 0.750000 0.494975 0.247487
0.850000 0.750000 0.202073 0.606218
0.850000 0.750000 0.606248 0.202062
0.850000 0.750000 0.418330 0.418330
0.850000 0.850000 0.350000 0.350000
0.850000 0.850000 0.247487 0.494975
0.850000 0.850000 0.494975 0.247487
0.850000 0.850000 0.202073 0.606218
0.850000 0.850000 0.606248 0.202062
0.850000 0.850000 0.418330 0.418330
0.850000 0.950000 0.350000 0.350000
0.850000 0.950000 0.247487 0.494975
0.850000 0.950000 0.494975 0.247487
0.850000 0.950000 0.202073 0.606218
0.850000 0.950000 0.606248 0.202063
0.850000 0.950000 0.418330 0.418330
0.950000 0.050000 0.350000 0.350000
0.950000 0.050000 0.247487 0.494975
0.950000 0.050000 0.494975 0.247487
0.950000 0.050000 0.202073 0.606218
0.950000 0.050000 0.606248 0.202062
0.950000 0.050000 0.418330 0.418330
0.950000 0.150000 0.350000 0.350000
0.950000 0.150000 0.247487 0.494975
0.950000 0.150000 0.494975 0.247487
0.950000 0.150000 0.202073 0.606218
0.950000 0.150000 0.606248 0.202062
0.950000 0.150000 0.418330 0.418330
0.950000 0.250000 0.350000 0.350000
0.950000 0.250000 0.247487 0.494975
0.950000 0.250000 0.494975 0.247487
0.950000 0.250000 0.202073 0.606218
0.950000 0.250000 0.606248 0.202062
0.950000 0.250000 0.418330 0.418330
0.950000 0.350000 0.350000 0.350000
0.950000 0.350000 0.247487 0.494975
0.950000 0.350000 0.494975 0.247487
0.950000 0.350000 0.202073 0.606218
0.950000 0.350000 0.606248 0.202062
0.950000 0.350000 0.418330 0.418330
0.950000 0.450000 0.350000 0.350000
0.950000 0.450000 0.247487 0.494975
0.950000 0.450000 0.494975 0.247487
0.950000 0.450000 0.202073 0.606218
0.950000 0.450000 0.606248 0.202062
0.950000 0.450000 0.418330 0.418330
0.950000 0.550000 0.350000 0.350000
0.950000 0.550000 0.247487 0.494975
0.950000 0.550000 0.494975 0.247487
0.950000 0.550000 0.202073 0.606218
0.950000 0.550000 0.606248 0.202062
0.950000 0.550000 0.418330 0.418330
0.950000 0.650000 0.350000 0.350000
0.950000 0.650000 0.247487 0.494975
0.950000 0.650000 0.494975 0.247487
0.950000 0.650000 0.202073 0.606218
0.950000 0.650000 0.606248 0.202062
0.950000 0.650000 0.418330 0.418330
0.950000 0.750000 0.350000 0.350000
0.950000 0.750000 0.247487 0.494975
0.950000 0.750000 0.494975 0.247487
0.950000 0.750000 0.202073 0.606218
0.950000 0.750000 0.606248 0.202062
0.950000 0.750000 0.418330 0.418330
0.950000 0.850000 0.350000 0.350000
0.950000 0.850000 0.247487 0.494975
0.950000 0.850000 0.494975 0.247487
0.950000 0.850000 0.202073 0.606218
0.950000 0.850000 0.606248 0.202062
0.950000 0.850000 0.418330 0.418330
0.950000 0.950000 0.350000 0.350000
0.950000 0.950000 0.247487 0.494975
0.950000 0.950000 0.494975 0.247487
0.950000 0.950000 0.202073 0.606218
0.950000 0.950000 0.606248 0.202063
0.950000 0.950000 0.418330 0.418330
0.100000 0.100000 0.500000 0.500000
0.100000 0.100000 0.353553 0.707107
0.100000 0.100000 0.707107 0.353553
0.100000 0.100000 0.288675 0.866025
0.100000 0.100000 0.866069 0.288661
0.100000 0.100000 0.570088 0.570088
0.100000 0.300000 0.500000 0.500000
0.100000 0.300000 0.353553 0.707107
0.100000 0.300000 0.707107 0.353553
0.100000 0.300000 0.288675 0.866025
0.100000 0.300000 0.866069 0.288661
0.100000 0.300000 0.570088 0.570088
0.100000 0.500000 0.500000 0.500000
0.100000 0.500000 0.353553 0.707107
0.100000 0.500000 0.707107 0.353553
0.100000 0.500000 0.288675 0.866025
0.100000 0.500000 0.866069 0.288661
0.100000 0.500000 0.570088 0.570088
0.100000 0.700000 0.500000 0.500000
0.100000 0.700000 0.353553 0.707107
0.100000 0.700000 0.707107 0.353553
0.100000 0.700000 0.288675 0.866025
0.100000 0.700000 0.866069 0.288661
0.100000 0.700000 0.570088 0.570088
0.100000 0.900000 0.500000 0.500000
0.100000 0.900000 0.353553 0.707107
0.100000 0.900000 0.707107 0.353553
0.100000 0.900000 0.288675 0.866025
0.100000 0.900000 0.866069 0.288661
0.100000 0.900000 0.570088 0.570088
0.300000 0.100000 0.500000 0.500000
0.300000 0.100000 0.353553 0.707107
0.300000 0.100000 0.707107 0.353553
0.300000 0.100000 0.288675 0.866025
0.300000 0.100000 0.866069 0.288661
0.300000 0.100000 0.570088 0.570088
0.300000 0.300000 0.500000 0.500000
0.300000 0.300000 0.353553 0.707107
0.300000 0.300000 0.707107 0.353553
0.300000 0.300000 0.288675 0.866025
0.300000 0.300000 0.866069 0.288661
0.300000 0.300000 0.570088 0.570088
0.300000 0.500000 0.500000 0.500000
0.300000 0.500000 0.353553 0.707107
0.300000 0.500000 0.707107 0.353553
0.300000 0.500000 0.288675 0.866025
0.300000 0.500000 0.866069 0.288661
0.300000 0.500000 0.570088 0.570088
0.300000 0.700000 0.500000 0.500000
0.300000 0.700000 0.353553 0.707107
0.300000 0.700000 0.707107 0.353553
0.300000 0.700000 0.288675 0.866025
0.300000 0.700000 0.866069 0.288661
0.300000 0.700000 0.570088 0.570088
0.300000 0.900000 0.500000 0.500000
0.300000 0.900000 0.353553 0.707107
0.300000 0.900000 0.707107 0.353553
0.300000 0.900000 0.288675 0.866025
0.300000 0.900000 0.866069 0.288661
0.300000 0.900000 0.570088 0.570088
0.500000 0.100000 0.500000 0.500000
0.500000 0.100000 0.353553 0.707107
0.500000 0.100000 0.707107 0.353553
0.500000 0.100000 0.288675 0.866025
0.500000 0.100000 0.866069 0.288661
0.500000 0.100000 0.570088 0.570088
0.500000 0.300000 0.500000 0.500000
0.500000 0.300000 0.353553 0.707107
0.500000 0.300000 0.707107 0.353553
0.500000 0.300000 0.288675 0.866025
0.500000 0.300000 0.866069 0.288661
0.500000 0.300000 0.570088 0.570088
0.500000 0.500000 0.500000 0.500000
0.500000 0.500000 0.353553 0.707107
0.500000 0.500000 0.707107 0.353553
0.500000 0.500000 0.288675 0.866025
0.500000 0.500000 0.866069 0.288661
0.500000 0.500000 0.570088 0.570088
0.500000 0.700000 0.500000 0.500000
0.500000 0.700000 0.353553 0.707107
0.500000 0.700000 0.707107 0.353553
0.500000 0.700000 0.288675 0.866025
0.500000 0.700000 0.866069 0.288661
0.500000 0.700000 0.570088 0.570088
0.500000 0.900000 0.500000 0.500000
0.500000 0.900000 0.353553 0.707107
0.500000 0.900000 0.707107 0.353553
0.500000 0.900000 0.288675 0.866025
0.500000 0.900000 0.866069 0.288661
0.500000 0.900000 0.570088 0.570088
0.700000 0.100000 0.500000 0.500000
0.700000 0.100000 0.353553 0.707107
0.700000 0.100000 0.707107 0.353553
0.700000 0.100000 0.288675 0.866025
0.700000 0.100000 0.866069 0.288661
0.700000 0.100000 0.570088 0.570088
0.700000 0.300000 0.500000 0.500000
0.700000 0.300000 0.353553 0.707107
0.700000 0.300000 0.707107 0.353553
0.700000 0.300000 0.288675 0.866025
0.700000 0.300000 0.866069 0.288661
0.700000 0.300000 0.570088 0.570088
0.700000 0.500000 0.500000 0.500000
0.700000 0.500000 0.353553 0.707107
0.700000 0.500000 0.707107 0.353553
0.700000 0.500000 0.288675 0.866025
0.700000 0.500000 0.866069 0.288661
0.700000 0.500000 0.570088 0.570088
0.700000 0.700000 0.500000 0.500000
0.700000 0.700000 0.353553 0.707107
0.700000 0.700000 0.707107 0.353553
0.700000 0.700000 0.288675 0.866025
0.700000 0.700000 0.866069 0.288661
0.700000 0.700000 0.570088 0.570088
0.700000 0.900000 0.500000 0.500000
0.700000 0.900000 0.353553 0.707107
0.700000 0.900000 0.707107 0.353553
0.700000 0.900000 0.288675 0.866025
0.700000 0.900000 0.866069 0.288661
0.700000 0.900000 0.570088 0.570088
0.900000 0.100000 0.500000 0.500000
0.900000 0.100000 0.353553 0.707107
0.900000 0.100000 0.707107 0.353553
0.900000 0.100000 0.288675 0.866025
0.900000 0.100000 0.866069 0.288661
0.900000 0.100000 0.570088 0.570088
0.900000 0.300000 0.500000 0.500000
0.900000 0.300000 0.353553 0.707107
0.900000 0.300000 0.707107 0.353553
0.900000 0.300000 0.288675 0.866025
0.900000 0.300000 0.866069 0.288661
0.900000 0.300000 0.570088 0.570088
0.900000 0.500000 0.500000 0.500000
0.900000 0.500000 0.353553 0.707107
0.900000 0.500000 0.707107 0.353553
0.900000 0.500000 0.288675 0.866025
0.900000 0.500000 0.866069 0.288661
0.900000 0.500000 0.570088 0.570088
0.900000 0.700000 0.500000 0.500000
0.900000 0.700000 0.353553 0.707107
0.900000 0.700000 0.707107 0.353553
0.900000 0.700000 0.288675 0.866025
0.900000 0.700000 0.866069 0.288661
0.900000 0.700000 0.570088 0.570088
0.900000 0.900000 0.500000 0.500000
0.900000 0.900000 0.353553 0.707107
0.900000 0.900000 0.707107 0.353553
0.900000 0.900000 0.288675 0.866025
0.900000 0.900000 0.866069 0.288661
0.900000 0.900000 0.570088 0.570088
0.166667 0.166667 0.650000 0.650000
0.166667 0.166667 0.459619 0.919239
0.166667 0.166667 0.919239 0.459619
0.166667 0.166667 0.375278 1.125833
0.166667 0.166667 1.125889 0.375259
0.166667 0.166667 0.721110 0.721110
0.166667 0.500000 0.650000 0.650000
0.166667 0.500000 0.459619 0.919239
0.166667 0.500000 0.919239 0.459619
0.166667 0.500000 0.375278 1.125833
0.166667 0.500000 1.125889 0.375259
0.166667 0.500000 0.721110 0.721110
0.166667 0.833333 0.650000 0.650000
0.166667 0.833333 0.459619 0.919239
0.166667 0.833333 0.919239 0.459619
0.166667 0.833333 0.375278 1.125833
0.166667 0.833333 1.125889 0.375259
0.166667 0.833333 0.721110 0.721110
0.500000 0.166667 0.650000 0.650000
0.500000 0.166667 0.459619 0.919239
0.500000 0.166667 0.919239 0.459619
0.500000 0.166667 0.375278 1.125833
0.500000 0.166667 1.125889 0.375259
0.500000 0.166667 0.721110 0.721110
0.500000 0.500000 0.650000 0.650000
0.500000 0.500000 0.459619 0.919239
0.500000 0.500000 0.919239 0.459619
0.500000 0.500000 0.375278 1.125833
0.500000 0.500000 1.125889 0.375259
0.500000 0.500000 0.721110 0.721110
0.500000 0.833333 0.650000 0.650000
0.500000 0.833333 0.459619 0.919239
0.500000 0.833333 0.919239 0.459619
0.500000 0.833333 0.375278 1.125833
0.500000 0.833333 1.125889 0.375259
0.500000 0.833333 0.721110 0.721110
0.833333 0.166667 0.650000 0.650000
0.833333 0.166667 0.459619 0.919239
0.833333 0.166667 0.919239 0.459619
0.833333 0.166667 0.375278 1.125833
0.833333 0.166667 1.125889 0.375259
0.833333 0.166667 0.721110 0.721110
0.833333 0.500000 0.650000 0.650000
0.833333 0.500000 0.459619 0.919239
0.833333 0.500000 0.919239 0.459619
0.833333 0.500000 0.375278 1.125833
0.833333 0.500000 1.125889 0.375259
0.833333 0.500000 0.721110 0.721110
0.833333 0.833333 0.650000 0.650000
0.833333 0.833333 0.459619 0.919239
0.833333 0.833333 0.919239 0.459619
0.833333 0.833333 0.375278 1.125833
0.833333 0.833333 1.125889 0.375259
0.833333 0.833333 0.721110 0.721110
0.250000 0.250000 0.800000 0.800000
0.250000 0.250000 0.565686 1.131371
0.250000 0.250000 1.131371 0.565685
0.250000 0.250000 0.461880 1.385641
0.250000 0.250000 1.385710 0.461857
0.250000 0.250000 0.871780 0.871780
0.250000 0.750000 0.800000 0.800000
0.250000 0.750000 0.565686 1.131371
0.250000 0.750000 1.131371 0.565685
0.250000 0.750000 0.461880 1.385641
0.250000 0.750000 1.385710 0.461857
0.250000 0.750000 0.871780 0.871780
0.750000 0.250000 0.800000 0.800000
0.750000 0.250000 0.565686 1.131371
0.750000 0.250000 1.131371 0.565685
0.750000 0.250000 0.461880 1.385641
0.750000 0.250000 1.385710 0.461857
0.750000 0.250000 0.871780 0.871780
0.750000 0.750000 0.800000 0.800000
0.750000 0.750000 0.565686 1.131371
0.750000 0.750000 1.131371 0.565685
0.750000 0.750000 0.461880 1.385641
0.750000 0.750000 1.385710 0.461857
0.750000 0.750000 0.871780 0.871780
0.500000 0.500000 0.950000 0.950000
0.500000 0.500000 0.671751 1.343503
0.500000 0.500000 1.343503 0.671751
0.500000 0.500000 0.548483 1.645448
0.500000 0.500000 1.645530 0.548455
0.500000 0.500000 0.974679 0.974679
